 Camera matrix:
[[1.02295062e+03 0.00000000e+00 9.46876604e+02]
 [0.00000000e+00 1.03563949e+03 5.23419466e+02]
 [0.00000000e+00 0.00000000e+00 1.00000000e+00]]

 Distortion coefficient:
[[-0.33420828  0.13034976  0.00388749  0.00054051  0.03326625]]

 Rotation Vectors:
[array([[-0.63545495],
       [ 0.17148514],
       [ 0.4487467 ]]), array([[-0.10447545],
       [ 0.03806641],
       [ 0.01918821]]), array([[-0.64336629],
       [ 0.42440893],
       [ 0.85746331]]), array([[ 0.67803031],
       [-0.47110443],
       [ 1.46627041]]), array([[-0.54257099],
       [ 0.62996776],
       [ 2.50823122]]), array([[-0.60872343],
       [ 0.20034439],
       [ 0.53175559]]), array([[-0.5573297 ],
       [ 0.32798871],
       [ 0.95027029]]), array([[-0.2566295 ],
       [ 0.11797702],
       [-3.10996844]]), array([[-0.9422727 ],
       [ 0.02314965],
       [-0.01948699]]), array([[-0.27963915],
       [ 0.12413198],
       [ 0.64442297]]), array([[-0.32348307],
       [ 0.74320193],
       [ 2.41120853]])]

 Translation Vectors:
[array([[-3.11705391],
       [ 1.92637793],
       [29.95509696]]), array([[-4.51368498],
       [-3.28067978],
       [ 8.4662914 ]]), array([[ 0.53844979],
       [-5.9047896 ],
       [16.90168102]]), array([[ 4.50770638],
       [-1.12005785],
       [ 6.81737943]]), array([[ 3.66216231],
       [-1.21141755],
       [15.04483078]]), array([[-3.22977186],
       [-4.90293577],
       [15.08975419]]), array([[ 2.80760005],
       [-6.58369319],
       [36.79688881]]), array([[3.40557566],
       [3.67997447],
       [8.95178059]]), array([[-4.12507732],
       [-3.03853269],
       [11.70430824]]), array([[-3.60285319],
       [-4.91285249],
       [23.60023461]]), array([[ 4.01472322],
       [ 1.43399469],
       [33.45628241]])]
