[[621.00116464   0.         304.11722651]
 [  0.         620.31963205 261.83678561]
 [  0.           0.           1.        ]]

 Distortion coefficient:
[[ 0.06817296  0.39758222  0.01149682 -0.01188402 -1.32573633]]

 Rotation Vectors:
[array([[ 0.1650785 ],
       [-0.17371495],
       [-0.00758764]]), array([[0.42745403],
       [0.07696742],
       [1.51098195]]), array([[-0.17735961],
       [-0.08893615],
       [ 3.09143622]]), array([[-0.01822229],
       [ 0.13357191],
       [ 0.04640199]]), array([[-0.72855953],
       [-0.28531661],
       [-0.13336748]]), array([[-0.22081678],
       [-0.20847647],
       [ 3.03417686]]), array([[0.42282672],
       [0.05843051],
       [1.52152131]]), array([[-0.3578208 ],
       [-0.09549252],
       [ 2.9958727 ]]), array([[-0.16220494],
       [-0.09793285],
       [ 3.08563947]]), array([[ 0.20492945],
       [-0.02890905],
       [ 3.1360531 ]]), array([[ 0.38045643],
       [-0.31195405],
       [ 1.59462199]]), array([[ 1.22846407],
       [-0.38725929],
       [ 2.63448657]]), array([[ 0.44561249],
       [-0.36937811],
       [ 1.56039448]]), array([[ 1.52090333],
       [-0.27272192],
       [ 2.51101995]]), array([[-0.00639394],
       [ 0.1291083 ],
       [ 0.07896949]]), array([[-0.32360932],
       [-0.11634038],
       [ 3.00425873]]), array([[-0.35566334],
       [-0.11249067],
       [ 2.9883985 ]]), array([[ 0.40569529],
       [-0.33668971],
       [ 1.58845914]]), array([[-0.14714942],
       [-0.09498377],
       [ 3.09190939]]), array([[0.43401266],
       [0.08208784],
       [1.49489242]]), array([[-0.14391319],
       [-0.09433046],
       [ 3.09149295]]), array([[-0.34876925],
       [-0.07700443],
       [ 3.00212442]]), array([[-0.75134965],
       [-0.30041842],
       [-0.12407308]]), array([[0.38299891],
       [0.06846688],
       [1.52410602]]), array([[-0.34347097],
       [-0.08149931],
       [ 2.99476316]]), array([[ 0.11088781],
       [-0.15533912],
       [ 3.10027404]]), array([[-0.16069193],
       [-0.0899618 ],
       [ 3.09186825]])]

 Translation Vectors:
[array([[-109.74844086],
       [-145.9957171 ],
       [ 705.50017632]]), array([[ 236.33046808],
       [-323.57439586],
       [ 881.98467599]]), array([[165.67120001],
       [-47.57011288],
       [725.54011284]]), array([[  56.23070357],
       [-196.33838369],
       [ 933.85772937]]), array([[-132.20068667],
       [  -3.53744605],
       [ 649.64713789]]), array([[108.26730596],
       [-72.7839889 ],
       [699.98860141]]), array([[ 239.37505369],
       [-325.07972942],
       [ 882.9233391 ]]), array([[ 81.80582227],
       [-69.56358185],
       [724.05947042]]), array([[163.259389  ],
       [-47.37514532],
       [725.12369122]]), array([[213.71897176],
       [-51.52705321],
       [925.85762379]]), array([[ 112.36789231],
       [-299.46117456],
       [ 826.66067147]]), array([[200.14200536],
       [-19.04032325],
       [520.36108721]]), array([[ 106.7815433 ],
       [-294.08629246],
       [ 805.5121729 ]]), array([[243.18049915],
       [-23.43888606],
       [495.42696001]]), array([[  67.25434203],
       [-222.86958164],
       [ 915.04751708]]), array([[ 96.33706899],
       [-66.79261792],
       [709.61290857]]), array([[ 89.46257096],
       [-68.43925491],
       [715.1810883 ]]), array([[ 111.13428241],
       [-296.24239929],
       [ 816.72091832]]), array([[169.29699747],
       [-48.97027301],
       [729.54374715]]), array([[ 233.06985167],
       [-323.26266232],
       [ 881.63531358]]), array([[169.56656719],
       [-50.053509  ],
       [730.36529929]]), array([[ 74.04131774],
       [-69.86167245],
       [736.94908425]]), array([[-131.74610729],
       [  -8.8013685 ],
       [ 650.03962808]]), array([[ 241.23227567],
       [-328.45892525],
       [ 883.9442061 ]]), array([[ 67.19671334],
       [-69.62884321],
       [754.01139928]]), array([[167.4591261 ],
       [-49.28728357],
       [615.29848769]]), array([[168.25104664],
       [-47.92342549],
       [727.66395595]])]
